%YAML:1.0
---
model_type: PINHOLE
camera_name: camera
image_width: 848
image_height: 480
distortion_parameters:
   k1: 0.0
   k2: 0.0
   p1: 0.0
   p2: 0.0
projection_parameters:
   fx: 426.8213592498149
   fy: 426.937451368424
   cx: 425.4774242312464
   cy: 240.32469282032204