%YAML:1.0
---
model_type: PINHOLE
camera_name: camera
image_width: 848
image_height: 480
distortion_parameters:
   k1: 0.0
   k2: 0.0
   p1: 0.0
   p2: 0.0
projection_parameters:
   fx: 425.9475185649145
   fy: 425.9524187889071
   cx: 425.86461777201384
   cy: 240.5061369442103